desc: MIDI Bus/Channel/Bank/Program Change

slider1:midi_bus=0<0,15,1{1,2,3,4,5,6,7,8,9,10,11,12,13,14,15,16}>Reaper MIDI Buss
slider2:channel=0<0,15,1{1,2,3,4,5,6,7,8,9,10,11,12,13,14,15,16}>Channel
slider3:0<0,127,1{0,1,2,3,4,5,6,7,8,9,10,11,12,13,14,15,16,17,18,19,20,21,22,23,24,25,26,27,28,29,30,31,32,33,34,35,36,37,38,39,40,41,42,43,44,45,46,47,48,49,50,51,52,53,54,55,56,57,58,59,60,61,62,63,64,65,66,67,68,69,70,71,72,73,74,75,76,77,78,79,80,81,82,83,84,85,86,87,88,89,90,91,92,93,94,95,96,97,98,99,100,101,102,103,104,105,106,107,108,109,110,111,112,113,114,115,116,117,118,119,120,121,122,123,124,125,126,127}}>Bank
slider4:0<0,127,1{0,1,2,3,4,5,6,7,8,9,10,11,12,13,14,15,16,17,18,19,20,21,22,23,24,25,26,27,28,29,30,31,32,33,34,35,36,37,38,39,40,41,42,43,44,45,46,47,48,49,50,51,52,53,54,55,56,57,58,59,60,61,62,63,64,65,66,67,68,69,70,71,72,73,74,75,76,77,78,79,80,81,82,83,84,85,86,87,88,89,90,91,92,93,94,95,96,97,98,99,100,101,102,103,104,105,106,107,108,109,110,111,112,113,114,115,116,117,118,119,120,121,122,123,124,125,126,127}}>Patch
slider5:<0,1,1>Program Up
slider6:<0,-1,1>Program Down

in_pin:none
out_pin:none

@init
ext_midi_bus = 1;
statBank    = $xB0;
statProgram = $xC0;
bank  = slider3;
patch = slider4;

@slider
bank != slider3 || patch != slider4 ? (
	bank = slider3;
	patch = slider4;
	send = 1;
); 

slider5 == 1 || slider6 == -1 ? (
	patch = patch + slider5 + slider6;
	slider4 = patch;
//     slider5 = 0;
//     slider6 = 0;
	send = 1;
);

@block
send == 1 ? (
	midisend(0,statBank+channel,0|bank*256);     //Bank Select
	midisend(0,statProgram+channel,patch);          //Program Change
	send = 0;
);

